100 9.9e-05 0.000113
10100 0.001774 0.001783
20100 0.003273 0.00328
30100 0.004839 0.004844
40100 0.006059 0.006067
50100 0.007091 0.007096
60100 0.009225 0.009234
70100 0.011647 0.011655
80100 0.012534 0.012541
90100 0.01549 0.015498
100100 0.015932 0.015939
110100 0.019654 0.019662
120100 0.018555 0.018562
130100 0.020158 0.020167
140100 0.023866 0.023872
150100 0.026154 0.026162
160100 0.026908 0.026915
170100 0.029084 0.029092
180100 0.030266 0.030273
190100 0.036244 0.036253
200100 0.034276 0.034283
210100 0.035318 0.035325
220100 0.035466 0.035473
230100 0.03968 0.039688
240100 0.039992 0.04
250100 0.045572 0.045578
260100 0.046439 0.046445
270100 0.048856 0.048862
280100 0.049675 0.049683
290100 0.052077 0.052083
300100 0.053905 0.053913
310100 0.056135 0.056144
320100 0.055601 0.055612
330100 0.057091 0.057097
340100 0.060828 0.060833
350100 0.062314 0.062321
360100 0.063959 0.063968
370100 0.067509 0.067516
380100 0.069933 0.069941
390100 0.071206 0.071215
400100 0.072035 0.072042
410100 0.077607 0.077615
420100 0.075361 0.075369
430100 0.077657 0.077664
440100 0.07983 0.079837
450100 0.077806 0.077812
460100 0.08772 0.087727
470100 0.085864 0.085872
480100 0.08406 0.084066
490100 0.088994 0.089002