0 0 0
 1917 0 0
 3834 0 0
 5751 0 0
 7668 0 0
 9585 0 0.016
 11502 0 0.006
 13419 0 0
 15336 0 0
 17253 0.016 0
 19170 0 0
 21087 0 0.015
 23004 0 0
 24921 0.016 0
 26838 0 0.016
 28755 0.015 0
 30672 0 0.016
 32589 0.006 0
 34506 0.016 0
 36423 0.016 0
 38340 0.015 0
 40257 0 0.015
 42174 0 0.016
 44091 0.009 0.01
 46008 0.01 0.01
 47925 0.01 0.012
 49842 0.01 0.01
 51759 0.01 0.019
 53676 0.008 0.012
 55593 0.01 0.01
 57510 0.01 0.018
 59427 0.01 0.01
 61344 0.011 0.02
 63261 0.01 0.01
 65178 0.018 0.012
 67095 0.01 0.02
 69012 0.01 0.018
 70929 0.011 0.01
 72846 0.01 0.018
 74763 0.012 0.018
 76680 0.012 0.018
 78597 0.01 0.021
 80514 0.01 0.02
 82431 0.018 0.012
 84348 0.02 0.018
 86265 0.01 0.021
 88182 0.018 0.02
 90099 0.01 0.02
 92016 0.02 0.02
 93933 0.021 0.02
 